0.087
0.087
0.087
0.087
0.087
0.087
0.087
0.087
0.087
0.087
0.087
0.087
0.087
0.087
0.087
0.087
0.087
0.087
0.087
0.087
0.087
0.087
0.087
0.087
0.087
0.087
0.087
0.087
0.087
0.087
0.087
0.087
0.087
0.087
0.087
0.087
0.087
0.087
0.087
0.087
0.087
0.087
0.087
0.087
0.087
0.087
0.087
0.087
0.087
0.087
0.087
0.087
0.087
0.087
0.087
0.087
0.087
0.087
0.087
0.087
0.087
0.087
0.087
0.087
0.087
0.087
0.087
0.087
0.087
0.087
0.087
0.087
0.086
0.138
0.138
0.138
0.138
0.138
0.138
0.138
0.086
0.086
0.086
0.086
0.086
0.087
0.087
0.087
0.087
0.087
0.086
0.136
0.138
0.138
0.138
0.087
0.086
0.086
0.086
0.087
0.087
0.087
0.087
0.087
0.087
0.087
0.087
0.087
0.087
0.087
0.087
0.087
0.087
0.087
0.087
0.087
0.087
0.087
0.139
0.139
0.139
0.139
0.138
0.139
0.139
0.139
0.087
0.087
0.087
0.087
0.087
0.087
0.087
0.087
0.087
0.087
0.087
0.087
0.087
0.087
0.087
0.087
0.087
0.087
0.087
0.087
0.087
0.086
0.086
0.087
0.086
0.086
0.086
0.086
0.086
0.086
0.086
0.086
0.086
0.087
0.086
0.086
0.086
0.087
0.087
0.087
0.087
0.087
0.087
0.087
0.087
0.087
0.087
0.087
0.087
0.087
0.087
0.087
0.087
0.087
0.087
0.087
0.087
0.087
0.087
0.087
0.087
0.087
0.087
0.087
0.087
0.087
0.139
0.139
0.138
0.138
0.138
0.138
0.138
0.138
0.139
0.138
0.138
0.138
0.139
0.139
0.139
0.138
0.139
0.139
0.139
0.139
