0.086
0.086
0.086
0.086
0.086
0.086
0.086
0.086
0.086
0.086
0.086
0.086
0.086
0.086
0.086
0.086
0.086
0.086
0.086
0.086
0.086
0.086
0.086
0.086
0.086
0.086
0.086
0.086
0.086
0.086
0.086
0.086
0.086
0.086
0.086
0.086
0.086
0.086
0.086
0.086
0.086
0.086
0.086
0.086
0.086
0.086
0.086
0.086
0.086
0.086
0.086
0.086
0.086
0.087
0.087
0.087
0.086
0.087
0.087
0.087
0.086
0.086
0.087
0.087
0.086
0.086
0.086
0.086
0.086
0.086
0.086
0.086
0.086
0.086
0.086
0.086
0.086
0.086
0.138
0.138
0.138
0.137
0.139
0.139
0.138
0.137
0.138
0.138
0.138
0.138
0.138
0.138
0.138
0.138
0.138
0.138
0.138
0.138
0.138
0.138
0.138
0.138
0.139
0.138
0.138
0.138
0.138
0.138
0.138
0.138
0.138
0.138
0.138
0.138
0.138
0.138
0.138
0.137
0.138
0.138
0.138
0.137
0.138
0.138
0.137
0.137
0.137
0.137
0.137
0.137
0.138
0.138
0.138
0.137
0.138
0.137
0.137
0.137
0.137
0.137
0.138
0.138
0.137
0.138
0.137
0.137
0.138
0.138
0.138
0.138
0.138
0.138
0.138
0.138
0.138
0.138
0.138
0.138
0.138
0.138
0.139
0.138
0.138
0.138
0.138
0.139
0.139
0.138
0.138
0.138
0.138
0.138
0.139
0.139
0.139
0.139
0.139
0.139
0.139
0.138
0.139
0.139
0.139
0.138
0.139
0.138
0.138
0.138
0.139
0.138
0.138
0.138
0.139
0.138
0.138
0.138
0.138
0.139
0.139
0.139
0.138
0.138
0.138
0.138
0.138
0.138
0.138
0.138
0.14
0.14
0.138
0.138
